502/19/22 414782368319275008 1698.699999999999999289457264 57.00000000000000016653345369 243.0799999999999991828758539 63.00999999999999992561505735
502/19/22 463477492603289610 662 9 65 31
502/19/22 196454573886406667 124 34 10 23
602/20/22 414782368319275008 0 0 0 0
002/21/22 414782368319275008 0 0 0 0
002/21/22 806246700305088513 800 0 0 0
102/22/22 519278401920434187 0 0 0 0
102/22/22 414782368319275008 200 90 128 43
202/23/22 414782368319275008 0 0 0 0
402/25/22 414782368319275008 1455.5 62.51000000000000156319401867 161.3499999999999978683717927 66.55000000000000071054273576
402/25/22 463477492603289610 955.5 36.80000000000000071054273576 105.5799999999999982946974342 49.51000000000000156319401867
602/27/22 414782368319275008 565.5 11.8 102.58 19.51
002/28/22 414782368319275008 2525.5 100.51 287.35 119.55
103/01/22 414782368319275008 1055.5 47.51 108.35 53.55
203/02/22 414782368319275008 565.5 11.8 102.58 19.51
303/03/22 414782368319275008 1055.5 47.51 108.35 53.55
403/04/22 414782368319275008 1863.5 67.8 185.62 51.51
103/08/22 414782368319275008 565.5 11.8 102.58 19.51
203/16/22 414782368319275008 565.5 11.8 102.58 19.51
403/18/22 414782368319275008 1463.0 58.22 188.14 64.31
603/20/22 414782368319275008 850.0 38.0 111.0 32.1
003/21/22 414782368319275008 0 0 0 0
103/22/22 414782368319275008 0 0 0 0
604/03/22 806246700305088513 0 0 0 0
104/19/22 414782368319275008 1057.0 46.7 29.7 126.9
204/20/22 414782368319275008 490.0 35.71 5.77 34.04
204/27/22 414782368319275008 200.0 60.0 320.0 21.0
305/05/22 414782368319275008 336 20.02 2.13 35.16
505/07/22 414782368319275008 1490.0 100.34 0.0 136.90
105/10/22 414782368319275008 600.0 40.0 80.0 80.0
205/11/22 414782368319275008 1490.0 100.34 0.0 136.90
308/04/22 414782368319275008 100 0 0 0
408/05/22 414782368319275008 1500 0 0 0
408/12/22 414782368319275008 490.0 35.71 5.77 34.04
308/18/22 414782368319275008 980.0 71.42 11.54 68.08
309/15/22 414782368319275008 745.0 50.17 0.0 68.45
311/17/22 414782368319275008 1150.0 48.0 364.0 20.0
